326 848329 35755065344
624 253175 21844946944
46 2039424 47245824000
332 1393781 103198924800
659 155401 40836927488
919 640874 42949672960
907 391064 42948624384
113 1978769 47245824000
738 412153 191260479488
890 5449 154754158592
712 167181 40836927488
824 485789 42949672960
33 2101267 47245824000
180 165850 23855165440
217 176551 25770987520
215 1390825 39837569024
257 4555877 107374182400
895 604710 42949672960
996 400742 42948624384
758 1482 18301407232
997 389229 42948624384
829 302801 42949672960
992 592240 42949672960
640 148510 38915346432
194 3548406 94524018688
617 65672 19588169728
703 2136432 70902640640
495 250746 21844946944
639 805576 107374182400
163 2278449 43497275392
637 118757 19752407040
663 2093648 43329810432
562 1634407 36508282880
646 1735023 30200143872
804 257946642 1099511603200
914 810700 214748364800
279 2213966 42948624384
581 52532 21858480128
7 7563060 477320859648
915 689905 42949672960
128 1884660 39041630208
955 1295564 214748364800
378 1000985 33136050176
364 128275 32394498048
278 8467374 75317362688
575 58635 38656167936
453 37386 161330757632
559 702731 32571551744
60 544725 32213442560
780 5853364 159183273984
791 192579767 2171091656704
485 483495 32213442560
202 22352999 107373137920
540 131844 26167214080
494 87911 38934167552
83 2126312 41272995840
528 70621 21673951232
50 473398 32213442560
798 33031 547877814272
657 115321 25908199424
879 527523 107374182400
730 51182197 214748364800
75 488077 32213442560
763 137316 31362355200
129 2788329 107373133824
870 527523 107374182400
954 1047285 214748364800
545 83302 21719441408
909 405530 42948624384
922 722916 42949672960
945 643850 42949672960
335 1064122 105329733632
849 527523 107374182400
600 108232 32489578496
751 33049070 212634603520
776 34707 81764282368
428 90812 25946226688
413 599572 32349622272
744 1019127 111669284864
964 3754018 214748364800
371 72384 161160200192
827 857707 21474836480
705 54245 25770999808
774 474232 101074100224
891 1005283 214748364800
372 1983885 42949672960
92 2419668 41056993280
795 40521 23899443200
736 45300165 214748364800
966 2506036 214748364800
469 1222678 42944184320
111 28619112 214748364800
772 569633 214748360704
972 374556 42949672960
973 1262122 214748364800
280 3412620 77453901824
168 621887 32364298240
179 2462415 38676233216
671 43543 25911926784
925 730676 42949672960
781 1287026 40859865088
184 8022525 534724440064
519 226019 39008759808
629 92646 23770169344
959 2821534 214748364800
268 64842 15219224576
942 16219860 214748364800
792 46154850 268435456000
648 615263 32213442560
935 1118288 214748364800
557 174040 42949672960
12 38428651 536863023104
273 1528957 51693658112
277 276848 42930937856
709 55782 21733421056
269 4922215 74078232576
438 136269 31362355200
26 9163501 42942332928
928 995093 214748364800
599 262703 25989492736
226 3809892 53686042624
984 293141 42949672960
577 1056583 332863451136
593 182830 40836927488
936 1123004 214748364800
425 219860 36927700992
934 372159 42949672960
9 930182 105553375232
708 81438 21834862592
185 53001 81811742720
978 608413 42949672960
205 3042095 53686042624
54 8415222 42944167936
665 56878 30067306496
32 94305474 536869909504
229 192273 40836927488
267 78907 40836927488
706 66552 40836927488
261 24547937 107374182400
316 23199897 107373137920
330 37529 476742877184
91 1942513 47245824000
515 1721372 52736802816
843 145144 42949672960
383 385750 41037549568
440 7925387 42948100096
221 48493397 214742183936
209 24526274 107374182400
363 24532135 107374182400
233 180051 40836927488
985 244500 42949672960
753 11273731 107366842368
759 36550133 212634603520
189 2075666 41423900672
603 329996 70626164736
362 57815 24589193216
585 119961 32380805120
15 7210576 193159741440
455 3195700 42944186880
160 3653211 62479400960
439 197514 19599552512
770 1022655 42948624384
351 389441 40848662528
564 53322 22029266944
634 247109 21844946944
571 42280 19362091008
570 18966333 107366842368
971 1275815 214748364800
25 7088178 193674563584
11 6817612 192406224896
308 281848 22015438848
0 117586533 526135590912
748 24738760 107373072384
762 77711 20207886336
498 352756 1048107470848
303 28977475 214748364800
679 4243575 42949607424
501 63011 88248389632
159 605449 32213442560
596 229868 19588116480
493 249651 21844758528
489 251042 21844946944
147 2129588 47245824000
158 610602 32349622272
731 50443478 214744793088
926 1136323 214748364800
152 637234 32363999232
920 733088 42949672960
598 71387 35174948864
197 4398076 214741024768
192 1639228 41080061952
403 301247 25970081792
998 401515 42948624384
833 161353 42949672960
630 47601 19330056192
90 231221 24277680128
642 246784 21844946944
146 634431 32349622272
723 16632404 202006634496
13 27321332 214748364800
1 2044259 43284508672
654 9933725 214621462528
253 132259 33050411008
188 2197329 47245824000
831 146765 42949672960
929 598318 42949672960
924 253214 42949672960
69 2378904 43286814720
301 379219 21796491264
606 130343 25990934528
682 137601 19601833984
436 183059 40803700736
186 80977 32213991424
830 1171713 214748364800
311 1653678 105297199104
55 2288956 42808115200
155 602030 32349622272
48 1786345 47245824000
275 50990664 214746054656
244 4669694 40803299328
360 842541 28053934080
136 30375034 214748364800
412 828912 25905074176
725 49966509 214746034176
541 53530 20008476672
553 53248 19873959936
328 54686 21718560768
241 2414653 60131512320
969 743628 42949672960
933 355325 42949672960
699 168339 40836927488
386 155340 40836927488
941 2060910 214748364800
456 153915 26385317888
323 292803 18037575680
834 527524 107374182400
862 141931 42949672960
236 1756359 47245824000
825 65612192 1073741824000
863 527522 107374182400
836 527523 107374182400
931 727230 42949672960
500 183078 77559889920
518 147312 41386033152
263 5743352 93081149440
835 527523 107374182400
529 71427 19328765952
790 7960395 107190051840
837 527523 107374182400
771 66316445 874056863744
492 176002 40803614720
602 231903 19362091008
449 609037 26025472000
446 2525206 62501822464
943 403241 42949672960
898 254224 42949672960
532 208711 36643500032
826 66182439 1073741824000
623 21049737 214747316224
409 184749 25995247616
482 870839 41093488640
615 162239 23842148352
225 109210778 536870846464
246 577962 34499698688
206 9703154 53686042624
416 186054 40836927488
794 5985162 42489348096
956 366766 42949672960
950 3024990 214748364800
73 133700 17058029568
334 542092 34649247744
777 85254 19266146304
499 54179 19740340224
175 14555893 203743612928
690 145432 21760528384
421 563308 34864095232
247 1688531 105333833728
722 3225548 197703884800
84 613957 32349622272
534 55119 19616026624
462 297453 23894228992
411 613751 32213442560
211 3176267 62510858240
165 3054075 26984584704
369 437455953 2147483648000
41 7361514 42949652480
949 351549 42949672960
850 527522 107374182400
979 1248 107374182400
270 173245 16367210496
674 1014633 25804566528
894 1065807 214748364800
757 192257 55975845888
511 1030985 23980826624
745 36705411 212634603520
784 115499986 536863571968
71 469977 32213442560
353 18427 32213438464
296 472707 29061283840
207 877374430 5368708071424
958 2890829 214748364800
468 23441626 107373129728
544 174119 40836927488
851 141423 42949672960
721 344281 80887275520
399 2112449 43311661056
164 55662 34362728448
43 35762290 209933758464
813 90461 10737475584
4 91226017 536870912000
854 145019 42949672960
123 3424875 62517149696
488 196967 19588218880
271 1531775 42940084224
196 259974 22712938496
741 80872 17260896256
95 925287 21632872448
580 3064965 42949672960
343 195942 40836927488
142 827817 36649156608
423 837113 37321699328
178 107876379 536870363136
882 137508 42949672960
539 244370 25932439552
396 580659 25908502528
104 174444 40836927488
773 67529 24715026432
223 7412176 42948620288
818 309 214748364800
414 371072 42949672960
817 1084026 21473787904
631 40991207 268431994880
713 215526 42949672960
66 1778262 47245824000
350 183883 41558102016
567 844491 86038384640
105 316063 107374182400
636 52703 19509612544
677 42756 21799055360
336 1974788 62456872960
899 18507504 214748364800
947 341166 42949672960
512 2305452 42944126976
625 2034141 86103863296
315 151197 19821232128
433 438082 24035139584
681 92880 30380855296
558 428247 30099509248
2 2900026 29995156992
692 513422 19591553024
496 244499 22032240640
486 416196 21827457024
799 39464 71035781120
3 4434845 85898293248
548 115573 43206664192
734 135466 35278807040
710 276215 27918602240
720 74219 30065954816
282 2171689 105508765696
134 586955 32213442560
857 142392 42949672960
367 303042 18891204608
102 602368 32349622272
805 2909 439700463616
213 32809717 214748364800
305 1059612 214246735872
811 4 4199808
461 562963 28177633280
266 961675 60369666048
543 52139 21726400512
810 262338711 1099511627776
306 71858 52078497792
583 129152 25999441920
359 1048282 66733694976
828 336150 42949672960
274 343522 30200053760
339 1537373 51693285376
478 1901404 296534147072
162 584321 32213442560
150 19134433 85899345920
144 107941604 536870334464
536 664609 113952067584
719 81652 68861042688
576 155378 19608223744
622 117549 45374160896
52 107712980 536870817792
871 527523 107374182400
819 259 429496729600
573 111277 19596296192
574 508335 22158495744
355 990125 26243432448
434 6538866 64423464960
839 144522 42949672960
472 361034 42949672960
707 176274 40836927488
960 1344954 214748364800
65 1076730 24000233472
298 174987 40836927488
107 104743853 536870875136
447 168177 19610779648
491 186709 40836927488
167 13791358 64417169408
140 709383 833832685568
729 113908 18424313344
664 78377 23885172736
727 39889617 535822053376
471 169745 40836927488
578 1133080 51693637632
365 143188 36671160320
224 159731 16135791104
999 618601 42949672960
80 722690 28738322432
422 50622 27919220736
887 131674 42949672960
126 6256674 53683945472
620 126743 24256253952
161 1965919 47245824000
432 128728 16462938112
222 1733109 107373092864
987 998826 214748364800
643 202919 40836927488
204 170976 40836927488
700 221056 28069892096
5 2219022 43317035008
374 3087826 60281257984
352 518819 30621308928
685 97611 19591385088
848 527523 107374182400
510 193566 40836927488
314 257268 39695941632
547 1023448 41072893952
796 27892 489659977728
508 154562 40836927488
555 3457253 40836927488
680 119149 25951207424
786 51825 21474836480
951 1554539 214748364800
23 3934306 82075713536
143 474363 18002224640
284 301312 15938203648
749 35808771 212634603520
582 58580 21840748544
981 504681 42949672960
678 591289 32213442560
376 1005720 32249085952
380 68634 19588308992
417 342053 32347529216
900 676123 42949672960
675 348933 21719154688
47 33748393 214748364800
754 24350898 107366842368
387 174151 40836927488
644 605255 32213442560
116 30169090 214748364800
40 7656952 471888760832
135 2021279 41138765824
697 5573194 42937188352
661 1716129 36654522368
264 2716029 62446403584
522 1846811 32246992896
44 1405565 23019261952
693 146417 40940474368
816 62 53739078656
88 2227262 41130393600
876 527523 107374182400
886 139129 42949672960
740 14367985 151858667520
881 137287 42949672960
139 2084143 33277654016
181 2614732 64411996160
76 1929647 47245824000
238 450640 41100365824
214 189860 40836927488
892 18099 3222450176
505 189161 19588186112
507 61189054 322121498624
408 827043 42948624384
635 41288 17341947904
465 69298 21704306688
614 175880 30101274624
901 285091 42949672960
250 1201367 21475532800
85 2126248 68109688320
322 707347 18505240576
533 59061 19874201600
358 1946477 58450087936
866 139551 42949672960
287 642632 41146466304
649 150560 40836927488
366 925641 42837504512
897 610490 42949672960
170 303277 30099513344
121 2403577 47245824000
687 1707163 42949672960
695 422179 39016136704
910 394950 42948624384
466 12972485 107374137344
856 154897 42949672960
686 209920 26722492416
100 24043051 214747312128
58 109779681 536870457344
404 2787394 39083642880
768 109279 26302705664
388 53113 30302797824
479 297065 42949672960
375 65661169 536870912000
272 4748414 42943893504
775 19949 103214489600
872 527525 107374182400
823 423009 107374182400
234 1194056 105236799488
31 1194904 58661593088
130 30944751 214748364800
333 109322 42948315648
902 330148 42949672960
651 4092280 32841408512
746 122640539 536863571968
99 33168098 171782963200
110 293398 17581522944
262 2778163 63939018752
737 10880159 268439801856
255 1041585 40804564992
991 622940 42949672960
94 30079146 214748364800
484 367000 28591665152
801 122792304 536870912000
560 123679 21755236352
506 168700 40836927488
173 1945636 47245824000
551 64110 21762920448
520 67664 19591491584
852 143777 42949672960
79 74826091 322122522624
14 7779626 42947039232
689 173892 19588206592
612 579485 32213442560
36 28915711 214748364800
67 27050657 214748364800
346 61094 32426094592
592 54080 19900690432
853 527523 107374182400
840 527523 107374182400
368 469253 24822837248
10 8260426 42949672960
587 576876 19623227392
329 926267 42948624384
765 66489 17378656256
633 46413 21725446144
470 53947187 249109155840
660 12981 80550850560
626 13015 80550821888
435 3781450 32021712896
855 141320 42949672960
228 9210998 42948624384
458 51781 21756903424
251 1829372 47245824000
124 35714362 295204548608
893 5 268570845184
503 591852 32213442560
200 28978082 214748364800
883 527523 107374182400
904 330181 42949672960
474 169981 40939868160
397 332582 42949672960
896 609433 42949672960
923 721491 42949672960
554 563339 19588341760
149 568397 32213442560
252 324336 27342278656
153 400380 32349597696
628 888234 25926893568
385 130490 27918573568
70 154108 9373953536
632 5812581 46058856448
766 124179 21475340288
806 84199 3222327296
156 541923 32213442560
398 464817 26484170752
590 362440 34530656256
39 31377987 191389204480
108 1602382 42840301568
917 1141758 42949672960
443 248968 21498713088
394 60845 38656077824
35 27200323 214748364800
460 3842053 62562820096
377 158675 23762870272
760 102488 19470192640
566 174752 40836927488
415 178606 15174557696
452 156472 19588321280
357 596130 19588419584
245 45450 24849383424
607 177130 19592118272
531 152993 40836927488
550 522650 19588366336
912 636870 42949672960
867 139674 42949672960
342 368961 69196525568
313 738384 16787976192
53 658763 18725584896
419 20700 32213438464
750 545902 102006005760
667 555620 19588341760
497 56028 19767328768
381 113647 20320354304
37 33947474 472845340672
683 178026 26787971072
521 158018 26139951104
800 38937 64576552960
993 618609 42949672960
694 45627 19706994688
742 69042245 312034353152
782 48274 19825426432
584 205022 73049182208
361 3103371 62445453312
82 238942 19588177920
212 29895164 171795247104
589 134754 146168348672
437 349204 32214290432
451 108248 26039840768
684 19224 32364896256
604 112383 21752709120
670 421670 25804582912
480 245293 21844758528
908 398158 42948624384
464 92831 19588177920
98 142368 28920889344
938 533108 42949672960
983 2672234 214748364800
340 368746 22226665472
647 108303 26039840768
430 1392389 68875542528
717 8775561 155173564416
258 185441 40836927488
431 214129 25984598016
281 432501 43296751616
395 1550194 51693645824
457 544512 119609544704
72 1846180 47245824000
714 10514157 106719428608
885 135773 42949672960
691 130673 40803627008
199 174359 40836927488
546 583026 32213442560
81 2201507 34165698560
728 73426151 322122547200
133 13873609 203133059072
655 198018 38656020480
797 44124 19331768320
239 2031628 47245824000
97 16541154 211327397888
832 527524 107374182400
767 241410 33145331712
77 2758331 41977643008
407 270366 30099537920
193 1831693 39039528960
63 369230 32627163136
384 54257 20031721472
514 47262 19808649216
405 359279 32716619776
260 5163968 42949410816
698 285600 42949672960
752 26140577 536804798464
6 2744849 25197016064
821 3418 10277555200
190 27487067 137435807744
477 571430 19592249344
561 251279 21844758528
338 642104 184684777472
662 1154533 42949672960
390 503747 19588251648
96 2954911 492067357184
325 247261 26814218240
509 2304054 43311824896
844 527523 107374182400
527 57855 19791577088
22 29245690 214748364800
349 259072 42948620288
292 61157 34360991744
230 210595 26064453632
572 57864 23787507712
254 29388503 214748364800
609 66064 80531427328
166 26474572 170909384704
310 3605780 39521918976
846 161265 42949672960
127 349331 23657074688
764 87503 21920288768
216 233490 32250421248
74 27140942 170174021632
476 17151 241600888832
45 4580569 310545846272
568 183447 40836927488
235 296117 23971000320
232 14150825 204811677696
120 244447 42949672960
739 161262 38910996480
20 26811584 214748364800
114 360997 25978781696
297 13613 32362655744
203 953122 32672579584
733 10372044 214748364800
939 34995985 214748364800
341 99827 15040184320
656 54071 23624474624
183 14064721 588544753664
289 1994570 105493700608
312 40303 506955694080
106 29988673 214748364800
327 2079031 43259703296
265 4253818 42948624384
563 122712 25951207424
299 180942 21742075904
858 157359 42949672960
30 1924655 47245824000
137 467652 34972692480
911 1356985 214748364800
715 44517 133278208000
579 316321 30200754176
57 2217961 31705092096
187 30637803 214748364800
402 2117860 43319095296
49 1189687 34211946496
591 218964 40836927488
176 14346819 203566559232
618 349688 25959022592
195 5054467 317964943360
961 966603 214748364800
673 44711 25770987520
903 3936921 214748364800
619 172977 40836927488
783 6877966 1068601393152
874 527524 107374182400
51 1405909 40769024000
672 141169 40803631104
42 154348 34738274304
676 104063 21476802560
219 4259345 49913266176
169 25768193 173447794688
122 8623738 42946834432
802 4694 105226833920
868 527523 107374182400
344 1652867 42946957312
109 29449816 214748364800
940 448303 42949672960
702 253288 21844946944
711 247827 21844946944
424 4531503 88454381568
347 1324926 42949672960
348 8538439 42949488640
861 137883 42949672960
21 159234 25771995136
154 1828349 47245824000
875 155377 42949672960
118 1489943 26278772736
769 99739 28339007488
112 1949017 47245824000
610 54322 19499143168
450 594579 19796086784
735 92308 30099509248
8 1862106 47245824000
789 146325 65179160576
240 789359 41157013504
290 794153 41157013504
905 3575253 214748364800
841 145471 42949672960
34 16982214 212396417024
231 29786829 214748364800
965 273333 42949672960
208 14840939 208170708992
473 172910 40836927488
448 13648 32213438464
145 29203136 169816576000
963 964360 214748364800
445 6780636 214748364800
718 152609 106971804160
286 264283 28191612928
516 450450 33052753920
974 613598 42949672960
62 1924715 47245824000
210 2529503 51693207552
131 2057314 47245824000
78 1811714 47245824000
61 31107185 214748364800
89 14244 32213438464
807 36320 412628779008
337 164931 51540901888
778 195486 94490496512
19 1917459 47245824000
59 27445991 214748364800
701 9597814 79055294464
93 11944004 1529008492544
295 2066443 47245824000
608 724156 42949672960
148 8509776 42942332928
809 52 268570722304
638 106678 34499592192
538 33006370 212634603520
132 11729088 53679751168
302 688950 20111708160
227 7182823 42943905792
865 140367 42949672960
177 25271133 107374182400
288 10215123 103220772864
406 109040 25956798464
621 380296 21844938752
487 185184 40803635200
283 8049492 64424509440
86 2110064 47245824000
249 192836 40836927488
392 191796 40803631104
982 4395737 214748364800
613 176371 40836927488
454 560430 19596795904
293 24353250 128848957440
552 54554 21711003648
324 1569438 51692789760
952 1018826 214748364800
256 22544582 107372122112
696 57149 21730705408
669 179031 21956177920
542 169345 28145500160
788 63910 402653265920
237 1961647 41074552832
880 139639 42949672960
820 5069 5014073344
389 172835 40836927488
502 308200 34394476544
354 6783342 64422891520
927 1005821 214748364800
174 1780310 47245824000
373 216420 53661208576
119 107299 32368201728
400 126597 40803614720
331 2546219 104691703808
318 1081003 37719388160
989 603517 42949672960
182 228985 19500367872
444 309298 40867942400
988 617018 42949672960
601 179891 40836927488
115 2190618 47245824000
243 125826 30296887296
475 51830 21477699584
56 1598314 47245824000
526 23142 32213438464
785 563267 437014380544
401 1548516 51692924928
873 152887 42949672960
565 93047 23929552896
117 8456407 42947260416
68 3268653 62456848384
463 1236789 25552752640
779 1064148 24739635712
101 282228 32347529216
307 179068 16177844224
370 115197 33988882432
930 725424 42949672960
300 22376 32213438464
822 156731 23410245632
980 1248 107374182400
986 598791 42949672960
588 175758 40836927488
913 7261987 214748364800
724 48911543 214741024768
29 122453278 536869867520
842 527523 107374182400
248 28339007 214748364800
726 24512602 107374182400
968 709972 42949672960
242 3624421 62532104192
537 177059 40836927488
704 195979 26130280448
549 56125 32216875008
356 257081 26427260928
483 3691989 62535421952
845 145136 42949672960
18 30207215 214748364800
787 647019 26039287808
756 416720 313673502720
957 649745 42949672960
586 250263 21844946944
220 27733088 171633483776
379 200144 107374182400
755 21457321 268435456000
889 603986 42949672960
157 1847267 47245824000
595 247443 21844946944
535 67078 21673951232
921 650442 42949672960
420 628245 41882992640
658 253251 21844758528
441 59214 21821247488
946 643896 42949672960
345 45551063 214748364800
812 6375 51780104192
28 30913285 214748364800
191 1533895 51693412352
803 1996 137576329216
859 527523 107374182400
504 1862371 28084207616
967 662917 42949672960
198 14595637 205016674304
937 387708 42949672960
319 1427897 21140234240
688 541900 42949672960
513 2149900 43318611968
641 265341 21844946944
171 421480 39135346688
645 54152 19706159104
410 552721 19588276224
320 347795 19503034368
17 1530928 51693035520
259 1077849 103198924800
948 1426609 214748364800
594 172419 42949672960
38 3437200 45316333568
309 247686 21844946944
467 4049257 42944186880
517 326590 21736587264
103 26887252 171126124544
953 378351 42949672960
860 527523 107374182400
16 27460658 214748364800
442 235209 19588165632
24 1808602 47245824000
716 1379280 32119939072
918 599554 42949672960
304 614336 21997236224
391 29281486 429496729600
556 2133150 43268554752
847 161368 42949672960
481 34272 81019105280
916 635642 42949672960
627 1009805 34394513408
869 527522 107374182400
429 895442 21824389120
218 852126 53687091200
605 57292 21844983808
944 1996053 214748364800
87 1654645 42949672960
285 119793 19514904576
125 1759598 62555496448
990 620130 42949672960
611 247432 21844946944
138 13939234 203292315648
27 33541642 213363232768
888 490598 42949672960
141 108796707 536870850560
523 152566 40803622912
291 136873 26335535104
321 232564 19565338624
459 185032 40803639296
975 610139 42949672960
569 246152 21844946944
426 54722 19739508736
815 736859 64977760256
393 244410 22322663424
530 443341 36818649088
793 172901 80855086080
732 166569 19839877120
814 644136 42842501120
877 527523 107374182400
666 308324 75162988544
652 137400 19709583360
970 3639130 214748364800
172 412896 42948624384
294 2197083 47681482752
382 191503 23757660160
976 589839 42949672960
743 27218837 429495681024
418 248077 21844946944
808 9202994 160600948736
994 400064 42948624384
747 1457980 53952368640
525 171146 40836927488
761 15728982 462389583872
650 280164 37066113024
276 6952737 42946527232
838 144162 42949672960
906 392137 42948624384
995 400071 42948624384
427 3671517 42949672960
977 613476 42949672960
878 138213 42949672960
597 41863 21742747648
962 646122 42949672960
668 253223 21844946944
616 177548 40836927488
864 141414 42949672960
524 44914 23924953088
653 415617 26586365952
884 137681 42949672960
932 354496 42949672960
490 53867 19764912128
151 182682 40836927488
64 2523174 42949636096
201 29551570 214748364800
317 74707 176230055936
