1148 2796121 218171613184
1152 8954612 81068552192
1162 9844237 54760828928
1163 4925878 110595403776
1164 37474818 1065034481664
1182 5868548 55834349568
1205 97963039 1073734180864
1214 55814312 1049473613824
1273 38401117 1053961605120
1293 12721532 1194303520768
1306 3997651 143890452480
1326 4641994 55834570752
1360 22923231 1068515717120
1362 4553213 100512419840
1394 4524199 573379231744
1437 4845422 69875007488
1458 9367338 106950914048
1557 2715174 55834570752
1591 9847756 54760828928
1599 4695850 107374174208
1625 82552885 1068373233664
1655 4009943 53081690112
1662 82123262 1073741336576
1722 4643072 53532336128
1730 71319264 536526499840
1784 3081456 234109435904
1830 2676235 69143834624
1847 33737456 322122543104
1894 6228866 55792594944
1911 9846578 54760828928
2009 4857103 525849653248
2030 20694795 322122543104
2035 4611224 107374174208
2063 14939740 642946695168
2079 28488923 1654933352448
2127 4024534 37513203712
2145 9115909 157872467968
2212 56025533 1072131280896
2228 3403826 55834570752
2230 14170601 107373768704
2275 64374577 322122346496
2286 16298023 625342705664
2308 4708336 52587732992
2313 67886775 644244697088
2315 2706887 32775860224
2337 2682179 27917443072
2356 11894558 642642972672
2372 4473560 55834476544
2390 8089221 214748053504
2438 11225450 107373768704
2482 6120713 50811957248
2583 3830957 55834570752
2627 88123963 1073741336576
2637 5121828 535937990656
2745 3264949 214689894400
2761 88830072 858991382528
2771 9728179 536802521088
2863 4036843 51635949568
2878 4365966 55687204864
2976 4930700 644236738560
2982 124013753 1070185086976
3036 6654549 1071940755456
3240 21756118 195563524096
3246 7807133 316148658176
3300 50806657 1034281852928
3310 21402001 107371884544
3342 8389422 214746259456
3512 7449653 55834570752
3535 3376915 1071326068736
3557 10545926 109031649280
3708 2661171 55834570752
3762 3958447 44104855552
3768 2693775 55834570752
3770 9847073 54760828928
3774 4827123 55833886720
3806 11714631 268434931712
3810 5097939 42959302656
3847 5325036 89120567296
3858 10333874 622770421760
3879 2695897 360720277504
3944 4029465 536351875072
3963 24576390 214536527872
4011 3962996 536391385088
4019 8603071 55829778432
4046 9849988 54760828928
4111 21957835 959588188160
4124 3659552 107325521920
4145 64719463 1073726287872
4246 2758862 55834570752
4287 118894926 2147478949888
4323 6674133 320009994240
4332 7137823 55834570752
4377 3260211 55834570752
4385 69817997 1072554516480
4462 23264198 107374178304
4523 2871281 41788461056
4587 9847221 54760828928
4620 9836832 54760828928
4786 20547411 395877052416
4833 55611869 1063139733504
4870 4960824 206326206464
4883 6744197 536334069760
4927 5900728 55834570752
5046 20644795 198902755328
5048 7296532 63260831744
5178 13572896 536866234368
5334 3065121 322122543104
5346 5677312 214746255360
5369 43452550 1069706940416
5372 28121144 471472025600
5458 3834166 42841927680
5473 10591632 534757535744
5519 15029912 211191238656
5565 75504706 536870907904
5592 27178657 1060287299584
5615 9842128 54760828928
5710 4429039 54096904192
5732 7625199 536870903808
5853 3026036 55834570752
5913 9879107 54760828928
6018 3903079 55834570752
6108 3923373 158376947712
6327 17576111 199650947072
6378 4487370 27917443072
6410 20675433 512743391232
6485 2835169 35971657728
6528 5744770 287898087424
6550 9840967 54760828928
6591 3011008 55826391040
6676 2800171 41628184576
7116 25151942 534969716736
7255 15057310 1071594651648
7299 4982610 98483142656
7315 4910991 55834570752
7568 2786952 30080475136
7584 12674339 1395862196224
7709 25386349 200307101696
7859 3548475 206367899648
7915 8305902 53681434624
7931 3524695 55834353664
8077 89936041 549755809792
8169 9842879 54760828928
8281 7801334 536535617536
8319 2855762 55834570752
8809 2684009 55834570752
8825 7922052 1073641390080
8932 4949703 424860114944
8937 11209648 55834570752
8957 4528143 171832410112
9118 6734437 55834570752
9214 5840260 55834505216
9324 14358354 1071594639360
9327 10686732 163208921088
9440 3754592 532358377472
9551 12967190 107242106880
9850 5430663 55834570752
10001 12154815 322122543104
10120 3422970 55463211008
10171 3656564 55825076224
10935 11910903 535293689856
11156 71646350 535898005504
11487 8334247 103541534720
11509 3663976 55834570752
11622 11585422 404734472192
11633 3235933 55833104384
11822 72308930 536830013440
12093 2815065 53686034432
12186 4162071 99944484864
12217 2719674 27917443072
12300 19213702 322121981952
12430 4119906 322122543104
12447 13249547 107373768704
12455 457310722 2147483389952
12621 9602419 55779278848
12745 13136278 296986791936
12771 3651377 55834570752
13016 9903434 52219772928
13057 2698157 55834570752
13139 7152727 144236703744
13167 11845637 643612835840
13198 2721543 27917443072
13201 14937436 644081287168
13262 3933229 159872016384
13270 2823921 55834570752
13286 2956402 55834570752
13379 2749999 214697897984
13494 457204450 2147483643904
13789 3201268 55834570752
14002 13455839 106707746816
14207 2622643 28384296960
14248 7541912 519829745664
14300 6701090 161582198784
14415 4304433 55834570752
14447 10632690 55834570752
14688 5540184 323835916288
15293 6068516 214723063808
15420 3582552 373393752064
15538 15598318 642507616256
15549 56739562 1015901802496
15581 2711875 55829508096
15739 5159616 322122539008
15864 2725679 55829692416
16275 2656505 55831756800
16357 2657482 27917443072
16433 4997903 101503291392
16546 2661070 55826096128
16558 2782133 629258842112
16639 3405306 55834570752
16739 221358538 2147474513920
16742 6981908 55834570752
16779 6327103 55826341888
16788 7786020 55834570752
16864 4771927 35769446400
16897 4239395 55834570752
16918 5892582 55834570752
16923 7124306 55833165824
17009 3666859 357690277888
17044 3826432 214715453440
17358 4051628 55834570752
17389 2974010 110593830912
17393 5283032 55834570752
17452 5837216 49576988672
17742 4109101 375675453440
18292 5896567 38432468992
18297 9765290 52586274816
18417 12843854 214748016640
18530 4233092 44658262016
18581 2986169 55828631552
18605 5349778 98573676544
18671 6730402 55834570752
18735 3678096 55834570752
18986 10398786 50280984576
19045 4138908 141868171264
19105 2701433 26083717120
19120 7079551 49048756224
19202 2852989 66569072640
19498 2826336 55834570752
20042 4573008 55834570752
20095 4531326 51714715648
20291 4158105 214203138048
20314 2741058 267484393472
20320 3109010 55834542080
20414 13335677 536870903808
20519 4217654 55834570752
20627 11082378 1325742911488
20656 10264994 438087876608
20675 2637526 211392962560
20699 8531834 66571988992
20941 18793261 107374174208
20974 5741736 51901427712
21031 3618136 1073740398592
21040 9036310 55834570752
21108 3470353 55106764800
21720 4051083 261994278912
21795 6241717 55834570752
21805 8146840 55831732224
21974 8330230 55817826304
22054 3081507 55834542080
22404 2929216 55834382336
22587 3292058 55834136576
22923 460537570 2147482923008
23374 10204521 55834570752
23689 67633527 1073733464064
23952 3459064 55834570752
24190 7908766 322101571584
24245 8874574 536870903808
24332 11449316 287796502528
24725 2925710 387131318272
25476 4996402 319517839360
25640 3187999 55834570752
25669 26132929 110595403776
