783
404
209
363
124
219
631
269
100
726
126
205
310
354
740
138
206
808
32
68
728
483
262
733
445
361
264
99
212
175
737
348
714
227
242
276
177
466
316
12
93
197
717
256
293
753
207
220
623
752
228
374
754
150
260
257
96
223
23
202
14
117
194
226
424
748
7
40
244
455
467
26
727
0
283
391
468
724
679
133
97
232
176
34
208
198
54
29
211
580
697
4
160
440
654
122
178
144
52
107
141
58
225
780
37
701
41
272
651
435
771
460
261
427
38
280
470
804
123
195
263
555
132
730
751
745
749
221
759
345
731
275
538
725
736
231
145
59
248
18
28
103
16
27
201
111
61
13
43
213
116
130
94
36
67
200
47
39
35
22
254
166
74
136
303
20
106
187
169
109
15
25
11
742
148
165
79
507
810
278
434
265
10
746
190
45
