0 117567957 128451071
1 1976850 10567506
2 2479324 7323036
3 951801 20971262
4 90931411 131071999
5 2131403 10575447
6 1117109 6151615
7 6857745 116533412
8 1737829 11534624
9 905454 25769866
10 7900520 10485759
11 6815994 46974175
12 30351265 131070073
13 27319426 52428799
14 7603669 10485116
15 7208803 47158139
16 27458721 52428799
17 1318799 12620369
18 30204913 52428799
19 1823739 11534624
20 26809649 52428799
21 158165 6291990
22 29243777 52428799
23 3823585 20038015
24 1704310 11534624
25 7086212 47283828
26 9114008 10483967
27 33538182 52090632
28 30911397 52428799
29 122440523 131071744
30 1808088 11534624
31 919708 14321677
32 89554551 131071755
33 1992887 11534624
34 16979670 51854593
35 27198195 52428799
36 28913167 52428799
37 33082699 115440756
38 3436505 11063557
39 31375943 46725879
40 6942506 115207216
41 7313631 10485754
42 61079 8481023
43 35760016 51253358
44 1055919 5619936
45 4447193 75816856
46 1929129 11534624
47 33746459 52428799
48 1667479 11534624
49 996338 8352525
50 416908 7864609
51 1393811 9953374
52 106501151 131071976
53 648954 4571675
54 8397261 10484415
55 1841878 10451199
56 1518134 11534624
57 1983933 7740500
58 108554571 131071888
59 27443685 52428799
60 465107 7864609
61 31105094 52428799
62 1800546 11534624
63 281525 7965615
64 2464212 10485750
65 838431 5859431
66 1673415 11534624
67 27048604 52428799
68 3172324 15248253
69 2293274 10568069
70 80342 2288562
71 415157 7864609
72 1741201 11534624
73 58535 4164557
74 27138967 41546391
75 416955 7864609
76 1801246 11534624
77 2485867 10248447
78 1707303 11534624
79 74825879 78643193
80 722690 7016191
81 2032309 8341234
82 151955 4782269
83 2036802 10076414
84 526468 7897856
85 1766348 16628341
86 1982978 11534624
87 955263 10485759
88 2120988 10041599
89 13738 7864608
90 155918 5927167
91 1833503 11534624
92 2316644 10023679
93 11943961 373293088
94 30077205 52428799
95 681722 5281462
96 2940142 120133632
97 16539124 51593602
98 136194 7060763
99 33163485 41939199
100 16865145 52428542
101 215588 7897345
102 523126 7897856
103 26884858 41778838
104 162712 9969952
105 184569 26214399
106 29986797 52428799
107 103488111 131071990
108 1301894 10459057
109 29447874 52428799
110 262928 4292363
111 28617178 52428799
112 1805908 11534624
113 1873301 11534624
114 200860 6342475
115 2076023 11534624
116 30166683 52428799
117 8291863 10485170
118 757139 6415715
119 72216 7902392
120 144750 10485759
121 2279243 11534624
122 8517084 10485066
123 3422702 15262975
124 21351072 72071422
125 1459323 15272337
126 6256577 13106431
127 312170 5775652
128 1844236 9531647
129 1541360 26214143
130 30942199 52428799
131 1942153 11534624
132 11728227 13105407
133 13872129 49593031
134 538189 7864609
135 1952763 10043643
136 30370545 52428799
137 467652 8538254
138 13937206 49631912
139 1924690 8124427
140 709369 203572432
141 107590209 131071984
142 827538 8947547
143 192472 4395074
144 106714231 131071858
145 29201141 41459124
146 580075 7897856
147 2017652 11534624
148 8502835 10483967
149 490032 7864609
150 19084643 20971519
151 171001 9969952
152 582094 7901366
153 354037 7897850
154 1708615 11534624
155 547833 7897856
156 483907 7864609
157 1713092 11534624
158 556895 7897856
159 550334 7864609
160 3627891 15253759
161 1850188 11534624
162 535999 7864609
163 2189325 10619451
164 45617 8389337
165 2672379 6588033
166 26467914 41725923
167 13637480 15726847
168 568560 7901439
169 25766255 42345652
170 197570 7348513
171 307102 9554527
172 220526 10485503
173 1821196 11534624
174 1673199 11534624
175 14460444 49742092
176 14344791 49698866
177 25260682 26214399
178 106660840 131071865
179 2199508 9442439
180 164813 5824014
181 2517849 15725584
182 228985 4760831
183 14052444 143687683
184 8011133 130547958
185 53001 19973569
186 80914 7864743
187 30635630 52428799
188 2086348 11534624
189 2075560 10113256
190 27468863 33553663
191 1320969 12620461
192 1597852 10029311
193 1746531 9531134
194 3479866 23077152
195 5054446 77628159
196 173638 5545150
197 4379561 52427007
198 14594185 50052898
199 162656 9969952
200 28976150 52428799
201 29549616 52428799
202 22352999 26214144
203 903474 7976703
204 159266 9969952
205 3041973 13106943
206 9378886 13106943
207 201714896 1310719743
208 14838912 50822926
209 24526100 26214399
210 2319693 12620411
211 2969897 15261439
212 29887012 41942198
213 32807461 52428799
214 178259 9969952
215 828906 9725968
216 161495 7873637
217 176431 6291744
218 560777 13107199
219 4141176 12185855
220 27606634 41902705
221 48482830 52427290
222 1676073 26214133
223 7243651 10485502
224 123407 3939402
225 108005710 131071983
226 3604692 13106943
227 7114162 10484351
228 9166300 10485503
229 180588 9969952
230 169423 6363391
231 29784516 52428799
232 14149369 50002850
233 168381 9969952
234 1177956 25692577
235 296117 5852294
236 1669789 11534624
237 1879011 10027966
238 420920 10034268
239 1920575 11534624
240 534906 10048098
241 2368470 14680544
242 3508941 15266626
243 125807 7396700
244 4599932 9961742
245 44837 6066743
246 488519 8422777
247 1579524 25716267
248 28336917 52428799
249 181171 9969952
250 983125 5243049
251 1716942 11534624
252 128351 6675360
253 73988 8068947
254 29386300 52428799
255 1040991 9962051
256 22543099 26213896
257 3991920 26214399
258 173820 9969952
259 1052994 25195049
260 5159291 10485695
261 24547753 26214399
262 2720798 15610111
263 5732759 22724889
264 2655841 15245703
265 4104516 10485503
266 952512 14738687
267 68177 9969952
268 57487 3715630
269 4514307 18085505
270 132464 3995900
271 1251534 10483418
272 4300941 10484348
273 1324713 12620521
274 311867 7373059
275 50980153 52428235
276 6865150 10484991
277 230515 10481185
278 8378839 18388027
279 2124319 10485503
280 3296425 18909643
281 431827 10570495
282 1972620 25758975
283 7980959 15728639
284 117286 3891162
285 89846 4764380
286 264283 6882717
287 641968 10045523
288 10201152 25200383
289 1475378 25755297
290 540668 10048098
291 136856 6429573
292 58005 8388913
293 24085440 31457264
294 2025409 11640986
295 1960296 11534624
296 472707 7095039
297 13613 7901038
298 163306 9969952
299 111773 5308123
300 21550 7864608
301 372954 5321408
302 656706 4910084
303 28975544 52428799
304 403982 5370418
305 1046459 52306331
306 70988 12714476
307 62505 3949668
308 211353 5374862
309 184472 5333238
310 3515349 9648905
311 1605352 25707323
312 40301 123768479
313 507082 4098626
314 253534 9691391
315 148582 4839167
316 23199897 26214144
317 74707 43024915
318 1017701 9208834
319 959227 5161189
320 347777 4761482
321 232462 4776693
322 383432 4517880
323 192560 4403704
324 1358038 12620309
325 247253 6546439
326 533385 8729263
327 2009934 10561450
328 53972 5302382
329 631959 10485503
330 37529 116392303
331 2310869 25559497
332 1353113 25195049
333 107752 10485428
334 442086 8459288
335 1056261 25715266
336 1881575 15248259
337 164931 12583227
338 641480 45089056
339 1327412 12620430
340 368745 5426431
341 98309 3671919
342 225849 16893682
343 184290 9969952
344 1440301 10485096
345 45540484 52428799
346 61094 7916526
347 1011673 10485759
348 8449406 10485714
349 254689 10485502
350 63944 10146020
351 140762 9972817
352 295955 7475905
353 17755 7864608
354 6734593 15728244
355 894333 6407087
356 257081 6451967
357 509032 4782328
358 1789905 14270040
359 1039769 16292405
360 842489 6849104
361 3084287 15245471
362 57210 6003220
363 24531686 26214399
364 124987 7908812
365 41835 8952919
366 823000 10458375
367 111158 4612110
368 206588 6060262
369 437427162 524287999
370 114670 8298066
371 72384 39345751
372 1432909 10485759
373 130843 13100880
374 2907703 14717103
375 65661169 131071999
376 1003489 7873311
377 85688 5801481
378 988705 8089855
379 59777 26214399
380 54849 4782301
381 75932 4961023
382 175976 5800209
383 346164 10018932
384 54256 4890556
385 130490 6816057
386 143690 9969952
387 162506 9969952
388 52933 7398143
389 161179 9969952
390 420335 4782287
391 28786270 104857599
392 191796 9961823
393 53675 5449868
394 60845 9437518
395 1339012 12620518
396 575682 6325317
397 206137 10485759
398 462798 6465861
399 2044971 10574135
400 126597 9961819
401 1337519 12620342
402 2044200 10575950
403 301247 6340351
404 2719356 9541904
405 269545 7987455
406 109040 6337108
407 187488 7348519
408 587931 10485503
409 113694 6346495
410 468862 4782293
411 522986 7864609
412 828912 6324480
413 545329 7897856
414 297922 10485759
415 53256 3704725
416 176976 9969952
417 255763 7897345
418 185661 5333238
419 19906 7864608
420 617040 10225339
421 559474 8511741
422 50621 6816215
423 827324 9111742
424 4338484 21595307
425 213359 9015551
426 54694 4819215
427 2741395 10485759
428 90660 6334527
429 836391 5328219
430 1392388 16815317
431 180858 6343895
432 122040 4019271
433 437571 5867953
434 6527170 15728384
435 3780578 7817800
436 183059 9961840
437 349037 7864816
438 82471 7656824
439 192453 4785046
440 7855739 10485375
441 59214 5327452
442 142533 4782266
443 88872 5248709
444 244134 9977524
445 5395603 52428799
446 2522801 15259233
447 89069 4787787
448 13110 7864608
449 485062 6353874
450 594186 4833028
451 108248 6357382
452 64556 4782304
453 37386 39387391
454 471384 4784373
455 2655042 10484420
456 153852 6441727
457 459959 29201548
458 51781 5311743
459 184825 9961825
460 3800982 15274125
461 476667 6879304
462 288999 5833551
463 1192266 6238464
464 58704 4782269
465 69225 5298902
466 8532702 26214388
467 3511023 10484420
468 23441626 26214142
469 1058237 10484419
470 53877309 60817664
471 158069 9969952
472 252992 10485759
473 161211 9969952
474 169981 9995084
475 51584 5243578
476 17151 58984591
477 481295 4783263
478 1852941 72396031
479 200940 10485759
480 180409 5333192
481 34272 19780054
482 833194 10032589
483 3685229 15267436
484 360241 6980386
485 416877 7864609
486 416196 5328968
487 185184 9961824
488 120166 4782279
489 187201 5333238
490 53867 4825417
491 174974 9969952
492 176002 9961819
493 184673 5333192
494 79623 9505411
495 187710 5333238
496 212177 5378964
497 56028 4826007
498 352755 255885612
499 54179 4819418
500 182754 18935519
501 53737 21545016
502 204752 8397088
503 576844 7864609
504 1152782 6856495
505 98225 4782271
506 157047 9969952
507 61037064 78642943
508 142915 9969952
509 2220541 10574175
510 181904 9969952
511 975643 5854693
512 1761057 10484405
513 2075683 10575832
514 46638 4836095
515 1682488 12875195
516 388655 8069519
517 326539 5306783
518 145939 10104011
519 207280 9523622
520 55740 4783078
521 157999 6381823
522 1730257 7872800
523 152566 9961821
524 44914 5841052
525 159481 9969952
526 22316 7864608
527 57076 4831927
528 70555 5291491
529 69243 4718936
530 443225 8988927
531 141363 9969952
532 206533 8946166
533 55303 4852099
534 55119 4789068
535 67078 5291491
536 537628 27820328
537 164423 9969952
538 32995896 51912744
539 170135 6331161
540 131357 6388479
541 53530 4884881
542 169129 6871459
543 52139 5304296
544 162452 9969952
545 83299 5302597
546 574633 7864609
547 1023388 10027561
548 115561 10548501
549 56125 7865447
550 433571 4782315
551 64094 5313212
552 54554 5300537
553 53248 4852040
554 473353 4782309
555 3440430 9969952
556 2062915 10563611
557 79031 10485759
558 399857 7348512
559 674051 7952038
560 79618 5311336
561 187372 5333192
562 1572307 8913154
563 122712 6335743
564 53322 5378238
565 58132 5842175
566 163050 9969952
567 840119 21005464
568 171700 9969952
569 183164 5333238
570 16047841 26212607
571 42280 4727072
572 57238 5807496
573 57564 4784251
574 458512 5409788
575 58635 9437540
576 69806 4787163
577 1056361 81265490
578 1122818 12620516
579 316075 7373230
580 2763469 10485759
581 52532 5336542
582 58580 5332213
583 129151 6347519
584 124990 17834272
585 119961 7905469
586 187047 5333238
587 491196 4790826
588 164108 9969952
589 134697 35685631
590 360592 8430335
591 207330 9969952
592 54080 4858566
593 171159 9969952
594 116179 10485759
595 184850 5333238
596 128370 4782254
597 41636 5308287
598 71387 8587633
599 241596 6345090
600 67184 7932025
601 168178 9969952
602 231902 4727072
603 329232 17242715
604 112346 5310719
605 57146 5333247
606 130270 6345442
607 88899 4783231
608 638418 10485759
609 66064 19660992
610 54322 4760532
611 184446 5333238
612 568116 7864609
613 164720 9969952
614 131446 7348943
615 153517 5820836
616 165845 9969952
617 54487 4782267
618 233160 6337651
619 161222 9969952
620 49682 5921936
621 364463 5333236
622 117434 11077675
623 21029512 52428543
624 190177 5333238
625 1981402 21021450
626 13013 19665727
627 1007534 8397097
628 888233 6329807
629 92506 5803263
630 47601 4719251
631 40990641 65535154
632 5747647 11244837
633 46393 5304063
634 183849 5333238
635 41288 4233873
636 52449 4763088
637 113072 4822364
638 106490 8422751
639 737776 26214399
640 71513 9500816
641 202438 5333238
642 183957 5333238
643 191216 9969952
644 559098 7864609
645 54151 4811073
646 1734982 7373081
647 108292 6357382
648 615010 7864609
649 138862 9969952
650 275288 9049343
651 4091443 8017921
652 136690 4811909
653 306421 6490811
654 9933584 52397817
655 121331 9437504
656 54071 5767693
657 113055 6325243
658 189862 5333192
659 143698 9969952
660 12981 19665734
661 1690413 8948857
662 1018874 10485759
663 2005444 10578566
664 77723 5831340
665 56878 7340650
666 307359 18350338
667 449755 4782309
668 188558 5333238
669 73176 5360394
670 328788 6299946
671 43333 6326153
672 141169 9961823
673 44597 6291744
674 959085 6299942
675 324631 5302527
676 104063 5243359
677 40358 5322034
678 544087 7864609
679 4179484 10485743
680 115538 6335743
681 81803 7417200
682 59701 4785603
683 178026 6540031
684 19224 7901585
685 58125 4783052
686 209920 6524045
687 1615774 10485759
688 367863 10485759
689 84618 4782276
690 138935 5312628
691 130673 9961822
692 430969 4783093
693 135700 9995232
694 45517 4811277
695 419380 9525423
696 53068 5305347
697 5480805 10482711
698 134274 10485759
699 156695 9969952
700 218158 6853000
701 9487810 19300608
702 190393 5333238
703 2126721 17310214
704 128471 6379462
705 54043 6291747
706 55686 9969952
707 164586 9969952
708 81438 5330776
709 52120 5306010
710 155343 6816064
711 183059 5333238
712 155487 9969952
713 77482 10485759
714 10514157 26054547
715 44517 32538624
716 1197786 7841781
717 8774797 37884170
718 146922 26116163
719 81651 16811777
720 74219 7340320
721 342719 19747869
722 2166447 48267549
723 9479552 49318025
724 48905487 52427007
725 49955237 52428230
726 24512428 26214399
727 37351582 130815930
728 73426147 78643199
729 109520 4498123
730 51171711 52428799
731 50432989 52427927
732 166569 4843719
733 8852306 52428799
734 117660 8612989
735 66325 7348512
736 45289612 52428799
737 10879756 65537060
738 412152 46694452
739 84733 9499754
740 14335436 37074869
741 64191 4214085
742 69042122 76180261
743 8735164 104857343
744 1019124 27263008
745 36694922 51912744
746 122625214 131070207
747 1457978 13171964
748 24642755 26214128
749 35798291 51912744
750 526904 24903809
751 33038597 51912744
752 26138740 131055858
753 11273731 26212607
754 24350846 26212607
755 20925812 65535999
756 416619 76580444
757 192239 13665977
758 764 4468116
759 36539116 51912744
760 72921 4753464
761 15704488 112888081
762 61020 4933565
763 82594 7656824
764 59208 5351632
765 53211 4242835
766 123455 5243002
767 188573 8092121
768 68126 6421558
769 76450 6918702
770 589495 10485503
771 66288609 213392788
772 569564 52428798
773 50920 6033941
774 474231 24676293
775 19949 25198849
776 34707 19961982
777 66626 4703648
778 195166 23068968
779 671283 6039950
780 5815084 38863103
781 1278554 9975552
782 48274 4840191
783 6699812 260889011
784 115451099 131070207
785 558129 106692963
786 51563 5242879
787 636131 6357247
788 63910 98304019
789 146325 15912880
790 7959780 26169446
791 192568726 530051673
792 46126633 65535999
793 172901 19740011
794 5952246 10373375
795 38658 5834824
796 27892 119545892
797 44124 4719669
798 33030 133759231
799 39464 17342719
800 38937 15765759
801 122791954 131071999
802 4694 25690144
803 1996 33587970
804 257946316 268435449
805 2906 107348745
806 338 786700
807 36320 100739447
808 9202983 39209215
809 52 65569023
810 262337724 268435455
811 0 257
812 6375 12641626
813 39295 2621453
814 246561 10459594
815 672073 15863710
816 62 13119892
817 1063801 5242623
818 1 52428799
819 0 104857599
820 5040 1224138
821 190 2509168
822 0 5715391
823 16019 26214399
824 267634 10485759
825 65612095 262143999
826 66182342 262143999
827 849392 5242879
828 119198 10485759
829 104676 10485759
830 1171473 52428799
831 69086 10485759
832 527295 26214399
833 68320 10485759
834 527295 26214399
835 527294 26214399
836 527294 26214399
837 527294 26214399
838 66495 10485759
839 66836 10485759
840 527294 26214399
841 67897 10485759
842 527294 26214399
843 67558 10485759
844 527294 26214399
845 67589 10485759
846 68252 10485759
847 68345 10485759
848 527294 26214399
849 527294 26214399
850 527293 26214399
851 63863 10485759
852 66201 10485759
853 527294 26214399
854 67457 10485759
855 63760 10485759
856 61751 10485759
857 64813 10485759
858 64361 10485759
859 527294 26214399
860 527294 26214399
861 60319 10485759
862 64387 10485759
863 527293 26214399
864 63861 10485759
865 62686 10485759
866 61970 10485759
867 62122 10485759
868 527294 26214399
869 527293 26214399
870 527294 26214399
871 527294 26214399
872 527296 26214399
873 59806 10485759
874 527295 26214399
875 62379 10485759
876 527294 26214399
877 527294 26214399
878 60572 10485759
879 527294 26214399
880 62087 10485759
881 59721 10485759
882 59926 10485759
883 527294 26214399
884 60061 10485759
885 58171 10485759
886 61585 10485759
887 55459 10485759
888 291773 10485759
889 405525 10485759
890 5449 37781776
891 1005043 52428799
892 17198 786730
893 4 65569053
894 1065567 52428799
895 407328 10485759
896 410750 10485759
897 411943 10485759
898 52721 10485759
899 18507377 52428799
900 478165 10485759
901 80158 10485759
902 125929 10485759
903 3936681 52428799
904 126300 10485759
905 3575013 52428799
906 111194 10485503
907 112251 10485503
908 119065 10485503
909 120835 10485503
910 113521 10485503
911 1356745 52428799
912 437752 10485759
913 7261747 52428799
914 810460 52428799
915 488009 10485759
916 436711 10485759
917 924990 10485759
918 400621 10485759
919 435545 10485759
920 526911 10485759
921 445938 10485759
922 517997 10485759
923 517078 10485759
924 50463 10485759
925 526822 10485759
926 1136083 52428799
927 1005581 52428799
928 994853 52428799
929 393097 10485759
930 520681 10485759
931 521842 10485759
932 139149 10485759
933 141049 10485759
934 169543 10485759
935 1118048 52428799
936 1122764 52428799
937 173116 10485759
938 334688 10485759
939 34995745 52428799
940 252429 10485759
941 2060670 52428799
942 16219620 52428799
943 201872 10485759
944 1995813 52428799
945 445053 10485759
946 445433 10485759
947 140174 10485759
948 1426369 52428799
949 151219 10485759
950 3024750 52428799
951 1554299 52428799
952 1018586 52428799
953 173910 10485759
954 1047045 52428799
955 1295324 52428799
956 162484 10485759
957 450208 10485759
958 2890589 52428799
959 2821294 52428799
960 1344714 52428799
961 966363 52428799
962 444107 10485759
963 964120 52428799
964 3753771 52428799
965 80318 10485759
966 2505789 52428799
967 454061 10485759
968 507791 10485759
969 530869 10485759
970 3638883 52428799
971 1275575 52428799
972 170220 10485759
973 1261882 52428799
974 415958 10485759
975 411428 10485759
976 391193 10485759
977 414751 10485759
978 409649 10485759
979 515 26214399
980 515 26214399
981 305825 10485759
982 4395497 52428799
983 2671994 52428799
984 94503 10485759
985 52327 10485759
986 401215 10485759
987 998586 52428799
988 417962 10485759
989 405991 10485759
990 421640 10485759
991 424431 10485759
992 393759 10485759
993 420790 10485759
994 128778 10485503
995 130480 10485503
996 128202 10485503
997 119321 10485503
998 127671 10485503
999 419989 10485759
