1148 2796121 53264555
1152 8954612 19792128
1162 9844237 13369344
1163 4925878 27000832
1164 37474818 260018185
1182 5868548 13631434
1205 97963039 262142135
1214 55814312 256219145
1273 38401117 257314846
1293 12721532 291578009
1306 3997651 35129506
1326 4641994 13631488
1360 22923231 260868096
1362 4553213 24539166
1394 4524199 139985165
1437 4845422 17059329
1458 9367338 26111064
1557 2715174 13631488
1591 9847756 13369344
1599 4695850 26214399
1625 82552885 260833310
1655 4009943 12959398
1662 82123262 262143882
1722 4643072 13069419
1730 71319264 130987916
1784 3081456 57155625
1830 2676235 16880820
1847 33737456 78643200
1894 6228866 13621240
1911 9846578 13369344
2009 4857103 128381264
2030 20694795 78643200
2035 4611224 26214399
2063 14939740 156969409
2079 28488923 404036464
2127 4024534 9158498
2145 9115909 38543084
2212 56025533 261750802
2228 3403826 13631488
2230 14170601 26214300
2275 64374577 78643152
2286 16298023 152671560
2308 4708336 12838803
2313 67886775 157286304
2315 2706887 8001920
2337 2682179 6815783
2356 11894558 156895258
2372 4473560 13631465
2390 8089221 52428725
2438 11225450 26214300
2482 6120713 12405264
2583 3830957 13631488
2627 88123963 262143882
2637 5121828 130844237
2745 3264949 52414526
2761 88830072 209714694
2771 9728179 131055304
2863 4036843 12606434
2878 4365966 13595510
2976 4930700 157284361
2982 124013753 261275657
3036 6654549 261704287
3240 21756118 47745002
3246 7807133 77184732
3300 50806657 252510219
3310 21402001 26213840
3342 8389422 52428287
3512 7449653 13631488
3535 3376915 261554217
3557 10545926 26619056
3708 2661171 13631488
3762 3958447 10767788
3768 2693775 13631488
3770 9847073 13369344
3774 4827123 13631321
3806 11714631 65535873
3810 5097939 10488112
3847 5325036 21757952
3858 10333874 152043561
3879 2695897 88066475
3944 4029465 130945283
3963 24576390 52377083
4011 3962996 130954929
4019 8603071 13630318
4046 9849988 13369344
4111 21957835 234274461
4124 3659552 26202521
4145 64719463 262140208
4246 2758862 13631488
4287 118894926 524286854
4323 6674133 78127441
4332 7137823 13631488
4377 3260211 13631488
4385 69817997 261854131
4462 23264198 26214400
4523 2871281 10202262
4587 9847221 13369344
4620 9836832 13369344
4786 20547411 96649672
4833 55611869 259555600
4870 4960824 50372610
4883 6744197 130940936
4927 5900728 13631488
5046 20644795 48560244
5048 7296532 15444540
5178 13572896 131070859
5334 3065121 78643200
5346 5677312 52428286
5369 43452550 261158922
5372 28121144 115105476
5458 3834166 10459456
5473 10591632 130556040
5519 15029912 51560362
5565 75504706 131072000
5592 27178657 258859205
5615 9842128 13369344
5710 4429039 13207253
5732 7625199 131071999
5853 3026036 13631488
5913 9879107 13369344
6018 3903079 13631488
6108 3923373 38666248
6327 17576111 48742908
6378 4487370 6815783
6410 20675433 125181493
6485 2835169 8782144
6528 5744770 70287620
6550 9840967 13369344
6591 3011008 13629491
6676 2800171 10163132
7116 25151942 130607842
7255 15057310 261619789
7299 4982610 24043737
7315 4910991 13631488
7568 2786952 7343867
7584 12674339 340786670
7709 25386349 48903102
7859 3548475 50382789
7915 8305902 13105820
7931 3524695 13631435
8077 89936041 134217728
8169 9842879 13369344
8281 7801334 130990142
8319 2855762 13631488
8809 2684009 13631488
8825 7922052 262119481
8932 4949703 103725615
8937 11209648 13631488
8957 4528143 41951273
9118 6734437 13631488
9214 5840260 13631472
9324 14358354 261619786
9327 10686732 39845929
9440 3754592 129970308
9551 12967190 26182156
9850 5430663 13631488
10001 12154815 78643200
10120 3422970 13540824
10171 3656564 13629170
10935 11910903 130686937
11156 71646350 130834475
11487 8334247 25278696
11509 3663976 13631488
11622 11585422 98812128
11633 3235933 13631130
11822 72308930 131062016
12093 2815065 13106943
12186 4162071 24400510
12217 2719674 6815783
12300 19213702 78643063
12430 4119906 78643200
12447 13249547 26214300
12455 457310722 524287938
12621 9602419 13617989
12745 13136278 72506542
12771 3651377 13631488
13016 9903434 12748969
13057 2698157 13631488
13139 7152727 35214040
13167 11845637 157132041
13198 2721543 6815783
13201 14937436 157246409
13262 3933229 39031255
13270 2823921 13631488
13286 2956402 13631488
13379 2749999 52416480
13494 457204450 524288000
13789 3201268 13631488
14002 13455839 26051697
14207 2622643 6929761
14248 7541912 126911560
14300 6701090 39448780
14415 4304433 13631488
14447 10632690 13631488
14688 5540184 79061504
15293 6068516 52422624
15420 3582552 91160585
15538 15598318 156862212
15549 56739562 248022902
15581 2711875 13630252
15739 5159616 78643199
15864 2725679 13630297
16275 2656505 13630801
16357 2657482 6815783
16433 4997903 24781078
16546 2661070 13629419
16558 2782133 153627648
16639 3405306 13631488
16739 221358538 524285771
16742 6981908 13631488
16779 6327103 13629479
16788 7786020 13631488
16864 4771927 8732776
16897 4239395 13631488
16918 5892582 13631488
16923 7124306 13631145
17009 3666859 87326729
17044 3826432 52420766
17358 4051628 13631488
17389 2974010 27000448
17393 5283032 13631488
17452 5837216 12103758
17742 4109101 91717641
18292 5896567 9382928
18297 9765290 12838447
18417 12843854 52428716
18530 4233092 10902897
18581 2986169 13630038
18605 5349778 24065840
18671 6730402 13631488
18735 3678096 13631488
18986 10398786 12275632
19045 4138908 34635785
19105 2701433 6368096
19120 7079551 11974795
19202 2852989 16252216
19498 2826336 13631488
20042 4573008 13631488
20095 4531326 12625664
20291 4158105 52295689
20314 2741058 65303808
20320 3109010 13631481
20414 13335677 131071999
20519 4217654 13631488
20627 11082378 323667704
20656 10264994 106955049
20675 2637526 51609611
20699 8531834 16252928
20941 18793261 26214399
20974 5741736 12671248
21031 3618136 262143653
21040 9036310 13631488
21108 3470353 13453801
21720 4051083 63963448
21795 6241717 13631488
21805 8146840 13630795
21974 8330230 13627400
22054 3081507 13631481
22404 2929216 13631442
22587 3292058 13631382
22923 460537570 524287824
23374 10204521 13631488
23689 67633527 262141960
23952 3459064 13631488
24190 7908766 78638080
24245 8874574 131071999
24332 11449316 70262819
24725 2925710 94514483
25476 4996402 78007286
25640 3187999 13631488
25669 26132929 27000832
