1148
1152
1162
1163
1164
1182
1205
1214
1273
1293
1306
1326
1360
1362
1394
1437
1458
1557
1591
1599
1625
1655
1662
1722
1730
1784
1830
1847
1894
1911
2009
2030
2035
2063
2079
2127
2145
2212
2228
2230
2275
2286
2308
2313
2315
2337
2356
2372
2390
2438
2482
2583
2627
2637
2745
2761
2771
2863
2878
2976
2982
3036
3240
3246
3300
3310
3342
3512
3535
3557
3708
3762
3768
3770
3774
3806
3810
3847
3858
3879
3944
3963
4011
4019
4046
4111
4124
4145
4246
4287
4323
4332
4377
4385
4462
4523
4587
4620
4786
4833
4870
4883
4927
5046
5048
5178
5334
5346
5369
5372
5458
5473
5519
5565
5592
5615
5710
5732
5853
5913
6018
6108
6327
6378
6410
6485
6528
6550
6591
6676
7116
7255
7299
7315
7568
7584
7709
7859
7915
7931
8077
8169
8281
8319
8809
8825
8932
8937
8957
9118
9214
9324
9327
9440
9551
9850
10001
10120
10171
10935
11156
11487
11509
11622
11633
11822
12093
12186
12217
12300
12430
12447
12455
12621
12745
12771
13016
13057
13139
13167
13198
13201
13262
13270
13286
13379
13494
13789
14002
14207
14248
14300
14415
14447
14688
15293
15420
15538
15549
15581
15739
15864
16275
16357
16433
16546
16558
16639
16739
16742
16779
16788
16864
16897
16918
16923
17009
17044
17358
17389
17393
17452
17742
18292
18297
18417
18530
18581
18605
18671
18735
18986
19045
19105
19120
19202
19498
20042
20095
20291
20314
20320
20414
20519
20627
20656
20675
20699
20941
20974
21031
21040
21108
21720
21795
21805
21974
22054
22404
22587
22923
23374
23689
23952
24190
24245
24332
24725
25476
25640
25669
