10
4
38
225
679
124
740
206
144
58
79
177
141
107
178
804
52
40
7
810
32
228
256
148
293
262
68
631
207
276
12
195
54
391
507
466
727
190
23
219
435
651
263
746
283
354
117
126
26
226
37
197
208
133
242
232
176
198
205
138
34
97
264
460
483
748
160
737
257
445
427
122
254
303
169
455
74
733
467
361
348
434
136
166
751
749
538
736
103
730
221
39
200
43
201
111
231
145
345
731
116
109
745
16
96
130
248
213
759
13
106
22
67
35
165
187
275
20
36
28
211
94
59
725
61
27
47
18
123
100
0
223
132
316
14
265
742
227
29
45
15
404
269
310
25
11
470
272
278
41
202
261
220
580
424
194
701
363
654
726
93
728
244
150
724
697
209
555
623
783
374
771
714
717
212
752
175
440
99
280
260
754
468
780
753
808
